GeneSymbol,Tissue,Group,SLC2A5,SLC35D1,ALG14,PGM1,MAN1A2,SLC35A3,PIGM,B3GALT2,GALE,ST3GAL3,DPM3,B4GALT3,B4GALT2,MAN1C1,FPGT,PIGV,PIGC,FUCA1,EDEM3,UAP1,SLC2A1,ALG6,HK2,MGAT4A,MGAT5,B3GNT2,B3GNT7,GFPT1,NEU4,GMPPA,MOGS,B3GALT1,ST6GAL2,NAGK,UGP2,B4GALT4,ALG3,EDEM1,GMPPB,ST6GAL1,PIGZ,ST3GAL6,AGA,UGDH,MANBA,GNPDA2,MAN2B2,PGM2,ST8SIA4,GNPDA1,GFPT2,MGAT4B,MGAT1,MAN2A1,GMDS,FUT9,MAN1A1,FUCA2,SLC2A12,IGF2R,NEU1,B3GALT4,MANEA,SLC35A1,PGM3,C1GALT1,GCK,DPY19L1,SLC35B4,PIGA,RENBP,GLA,SLC35A2,ALG13,FUT10,GFUS,DPY19L4,SLC35D2,SLC2A8,FUT7,B4GALT1,DPM2,GALT,GNE,MAN1B1,NANS,SIAE,ALG9,ALG8,DPAGT1,FUT4,SLC35C1,NEU3,ST8SIA6,FUT11,HK1,SLC2A3,ALG10B,GNPTAB,ALG10,CMAS,M6PR,B3GNT4,ST8SIA1,MGAT4C,DPY19L2,ALG5,ALG11,FUT8,GALC,GNPNAT1,PIGH,MGAT2,MPI,GALK2,MAN2A2,PIGB,MAN2C1,NAGPA,PIGQ,FCSK,AMDHD2,GNPTG,CHST4,ALG1,PMM2,NAGLU,GALK1,ENGASE,MGAT5B,PIGL,ST8SIA5,B4GALT6,SLC2A10,EDEM2,B4GALT5,DPM1,DPY19L3,GPI,FUT2,MAN2B1,FUT1,B3GNT8,FUT3,ALG12,MGAT3,PMM1,NAGA,PIGP,B3GALT5,H8_N7_F6_S1
A549_T1_S47,Lung,Cancer,-0.8789255,4.7516131,2.7174119,6.1277356,7.2809585,4.6684881,5.0097858,-0.8789255,4.2494669,2.1091897,5.1233887,4.4618466,6.8895613,-0.1189714,4.1911,4.6028421,4.8109574,3.567536,5.6090737,5.2855903,6.8710911,3.7804446,4.2205786,-0.1189714,5.3669346,5.597885,1.6705114,5.5522415,-0.8789255,2.5417071,3.9306965,-0.8789255,0.3761966,3.5209063,6.4659985,4.2494669,3.6990116,4.1302718,1.2804401,3.6990116,1.2804401,-0.1189714,4.8109574,10.1206038,2.3415965,3.567536,4.5802792,4.2205786,3.0152845,7.6709069,4.6028421,8.0552946,4.1911,6.1354945,4.791446,-0.8789255,-0.8789255,5.2286955,3.5209063,5.7870972,4.6250577,1.488619,4.6250577,4.6028421,6.210871,5.7369784,-0.8789255,7.7335925,5.6744431,2.4451186,-0.8789255,4.3595613,2.6322327,4.5340662,1.8320173,3.3176752,5.059572,4.6897227,4.2777881,-0.8789255,8.363479,3.0152845,2.4451186,3.8945749,4.9406134,4.5340662,3.5209063,2.2300679,5.5866088,5.2855903,2.4451186,3.6565039,4.2777881,3.081046,6.8238538,3.8575257,5.1076972,4.5573577,5.6090737,2.4451186,6.8523814,5.0097858,0.3761966,1.6705114,-0.8789255,-0.1189714,5.5866088,3.8945749,4.4618466,5.7870972,6.2471321,2.4451186,3.472719,4.4116103,4.3595613,3.3176752,3.6990116,3.1439402,3.9659357,-0.8789255,2.4451186,3.5209063,3.472719,-0.1189714,3.6990116,5.4930782,3.4228664,3.472719,4.0339324,1.9772497,4.3858205,-0.8789255,4.5103924,-0.8789255,1.9772497,7.3392305,4.771667,4.1610064,9.6746884,-0.8789255,-0.8789255,-0.8789255,-0.8789255,-0.1189714,1.8320173,1.0370722,4.0988681,1.0370722,2.7978412,3.0152845,0.36
A549_T2_S48,Lung,Cancer,-0.8789255,5.0603116,2.8147766,6.1906438,7.09299,4.7286332,4.9965411,-0.8789255,4.6270038,0.9902378,5.5004425,4.7481273,6.4975221,0.3392997,4.4238137,4.7481273,4.6479105,3.8328701,6.0949234,4.9965411,6.8973511,3.4599087,4.708872,-0.1448757,5.3426902,5.2500147,1.4371651,5.6837066,-0.8789255,2.7388581,3.551517,-0.8789255,-0.1448757,3.2016673,6.3837273,4.2155251,3.6788678,4.6057897,1.7778941,3.9720073,1.4371651,-0.8789255,5.2362756,10.1168269,3.4599087,4.1872403,4.3234251,4.3744924,3.8328701,7.3727564,5.1942555,8.0015177,4.0368474,6.24654,4.8235721,-0.8789255,-0.8789255,5.2500147,3.8328701,6.5650269,4.3993638,1.9221741,4.9635666,4.6888363,6.1977504,5.9842012,-0.8789255,7.860865,5.2500147,1.4371651,-0.1448757,4.1289506,3.0211524,4.8776743,1.6175653,3.551517,5.1509747,4.4478561,4.0368474,-0.8789255,8.3208007,2.284512,2.0533278,4.5402089,4.4478561,4.6479105,3.4599087,2.284512,5.5568016,5.1942555,2.4837159,3.551517,4.0047916,1.9221741,6.6242486,3.5952283,5.1942555,5.2636242,5.6937949,2.6587217,6.9862236,4.8952667,0.9902378,3.0838674,-0.8789255,0.3392997,5.5457045,4.0682063,4.584259,5.3298098,6.183502,2.5738708,3.9041154,4.8235721,4.3993638,3.7579229,4.0988982,3.2571461,4.0047916,1.2309392,2.0533278,3.6788678,3.3105703,0.3392997,3.8328701,5.4537143,3.2016673,2.8868989,3.0211524,2.7388581,4.4238137,-0.8789255,4.8598647,-0.8789255,1.4371651,7.4099487,4.3744924,4.2971972,9.6826849,-0.8789255,-0.8789255,-0.8789255,-0.8789255,-0.8789255,2.9555868,2.1735457,4.5402089,1.6175653,3.5952283,3.3620866,0.44
A549_T3_S49,Lung,Cancer,-0.8789255,4.6918402,3.2640967,6.0581071,6.9144746,5.0452941,5.3153513,-0.8789255,4.5125039,2.9483922,5.125518,5.0286998,6.64187,-0.8789255,4.5594708,4.8885901,4.3616671,3.7825221,5.9825736,5.0452941,6.8115283,3.9680235,4.6490524,-0.8789255,5.2308272,5.3558261,1.0386624,5.6000238,-0.1180853,3.2640967,3.8596076,-0.8789255,-0.1180853,3.3732788,6.4307448,4.2798906,3.8215797,4.6271731,0.7456113,4.1009625,1.9791142,0.3774538,5.0286998,10.2309913,3.4249199,3.8966589,4.2515682,4.0360237,3.3732788,7.6863503,4.7333954,8.0243548,4.3076677,6.2635328,4.9603452,-0.8789255,-0.8789255,5.0616998,3.4249199,6.1376408,4.5594708,0.3774538,4.9603452,4.8130786,6.1530347,5.9652374,-0.8789255,7.7635953,5.2877232,2.5436683,-0.8789255,4.3076677,3.2062421,4.6490524,2.1110803,3.4747762,5.4335205,4.8513283,3.8596076,-0.8789255,8.4676562,2.4470658,1.6723051,4.2798906,4.8130786,4.773787,3.4747762,2.876025,5.5887473,5.4585158,1.9791142,3.6147726,4.1323677,2.7193963,6.8403409,3.522967,5.2452629,5.0452941,5.6871959,1.9791142,6.6795629,5.0119123,0.3774538,2.1110803,-0.8789255,1.0386624,5.7288831,3.8966589,4.7935666,5.6223155,6.551827,2.9483922,3.1459702,4.5125039,4.4137181,3.1459702,3.7825221,3.3197203,4.0360237,1.2821192,2.7998352,3.8596076,3.3732788,0.3774538,3.3197203,5.5543795,3.3197203,3.2640967,3.6147726,3.2640967,4.5125039,-0.8789255,4.8700795,-0.8789255,1.0386624,7.4198414,4.5823931,4.3879273,9.6874609,-0.8789255,-0.8789255,-0.8789255,-0.8789255,-0.8789255,2.2319805,0.7456113,4.5361785,1.2821192,3.4249199,3.3732788,0.5
B1_S38_R1,Lung,Non-cancer,-0.8789255,4.7582311,2.8113296,4.4878248,7.896566,5.0940209,5.6843422,-0.8789255,3.0977973,2.9899362,2.7465176,5.2541243,6.3941894,2.5325353,3.2458278,3.4630965,4.0241496,3.3366978,6.0357894,5.2306202,5.0940209,3.5028828,2.085452,3.9684009,4.3418968,6.2081508,-0.2308524,7.2503592,-0.8789255,2.5325353,2.9899362,-0.8789255,-0.8789255,3.6868516,5.7353371,2.7465176,2.8733547,3.8805178,2.3699292,1.8589209,0.8296128,4.2278146,3.9396972,5.2306202,4.4270822,4.507517,4.129573,5.1325761,-0.8789255,8.9463258,3.4221819,8.5935813,5.2772517,7.0898132,2.453522,-0.8789255,0.5546864,5.7601741,-0.2308524,6.9988279,4.8689416,-0.2308524,4.2513641,5.4802364,6.6679706,5.5672517,-0.8789255,5.9375916,5.1577188,2.8733547,-0.8789255,3.1981523,3.4221819,3.8805178,3.5416012,3.5028828,5.3444893,3.1488472,5.3224231,-0.8789255,7.7819852,1.8589209,2.1866399,3.9396972,3.9684009,5.6843422,3.2919782,4.0512365,5.0136745,4.8536365,0.5546864,3.6518868,4.6021372,-0.2308524,5.9448317,4.0241496,0.2147345,4.7416983,5.5858958,1.7307501,5.2187229,5.9008355,-0.2308524,-0.8789255,-0.8789255,-0.2308524,7.0229732,5.2541243,3.9965445,4.6021372,6.8015858,3.1488472,3.7209889,2.6786565,4.9285881,4.8381674,2.1866399,2.1866399,4.1795299,2.3699292,1.4341801,4.6383134,4.507517,-0.8789255,3.8188065,3.6868516,1.7307501,2.6786565,2.9899362,0.2147345,3.3800729,-0.8789255,3.5793076,1.9766281,1.0604399,6.9918543,6.3835721,4.507517,6.5636657,-0.8789255,-0.2308524,1.2593788,-0.8789255,-0.8789255,2.9328227,-0.8789255,5.1325761,3.2458278,3.9965445,-0.2308524,0.0
B2_S39_R1,Lung,Non-cancer,-0.8789255,5.0880452,2.5431252,4.1352349,7.9355524,4.8444358,5.6569285,-0.8789255,3.2698188,2.9788683,2.306762,5.1726835,6.5026771,1.6718084,3.43558,2.9788683,4.205794,2.8672011,6.2083377,5.1370162,5.4593003,3.8714874,2.2185077,3.9557939,4.0862024,6.2083377,0.1775536,7.1739855,-0.8789255,2.1245007,3.5484889,-0.8789255,-0.2560657,3.1316657,5.5066519,3.5842434,3.2698188,3.9001404,2.8079497,1.6718084,1.008453,3.4742065,3.9557939,5.307139,4.6387833,4.2509863,4.0610467,4.7995127,-0.2560657,8.9596994,3.653199,8.4772817,5.2074903,7.1232392,3.5842434,-0.8789255,-0.8789255,5.9032838,0.1775536,7.0706426,5.2964008,-0.2560657,4.2509863,5.6056583,6.8200651,5.6229516,-0.8789255,5.8890596,5.2302369,2.7461602,-0.8789255,2.5431252,3.7190087,4.0862024,2.8079497,2.6140262,5.1959811,3.8124153,5.2189084,-0.8789255,8.040631,1.6718084,2.6816054,3.9282355,3.9001404,5.8674568,2.5431252,4.2730625,4.9981303,4.9022368,1.3779261,3.5484889,4.2730625,-0.8789255,5.9032838,4.1826556,0.1775536,4.5145689,5.2636981,1.3779261,5.4878974,5.6056583,-0.8789255,-0.8789255,-0.8789255,-0.8789255,7.0193245,4.9578109,3.8124153,4.205794,6.928358,3.0825096,3.8422537,2.7461602,4.9022368,4.814643,2.9241148,2.8079497,4.3581365,2.3899274,1.3779261,4.4384719,4.7052388,-0.8789255,3.3130786,3.9001404,1.6718084,2.4685588,3.179202,0.1775536,3.2252217,-0.8789255,3.5842434,2.7461602,1.915838,6.9962857,6.4110779,4.6387833,6.7470215,-0.8789255,-0.2560657,1.2049851,-0.2560657,-0.8789255,3.3130786,-0.8789255,5.3596629,2.6816054,3.9828357,-0.8789255,0.0
B3_S40_R1,Lung,Non-cancer,-0.8789255,5.0773772,2.4882923,4.5795385,7.9210645,4.6459333,5.7253732,-0.8789255,3.3384893,2.9751338,2.8679467,5.428052,6.7256359,1.1589139,3.3384893,3.4541779,3.950873,2.9751338,5.8781963,5.2473937,5.2580463,3.5264514,2.2529525,3.8417977,4.8707997,6.1424598,0.7397207,7.2479424,-0.8789255,2.3357386,3.3384893,-0.8789255,-0.8789255,3.2127086,5.8503081,3.0749052,3.4907672,4.0024664,2.8112108,1.9715944,1.8641339,3.5264514,3.4541779,5.6383573,3.8973659,4.2573197,3.8131897,4.8707997,-0.8789255,8.9882386,2.9751338,8.6640958,5.5282595,6.9622497,4.0275873,-0.8789255,-0.8789255,5.6301802,0.1464107,7.0749854,5.0652975,-0.2770228,4.0522782,5.1478058,7.0134449,5.3304904,-0.8789255,5.67061,5.2580463,3.3384893,-0.2770228,3.0258818,3.5264514,3.9243675,1.8641339,3.4166364,5.1247095,3.9243675,5.5457542,-0.8789255,7.9393808,2.7521521,2.4140309,3.9769003,4.3196654,5.9910517,2.4882923,4.214207,4.5624512,5.0531157,1.3302215,4.1004274,4.3196654,0.1464107,5.9324058,4.7552433,0.7397207,4.1470215,5.6136856,1.1589139,5.5457542,5.7928602,-0.8789255,-0.8789255,-0.8789255,-0.2770228,6.74848,5.2895402,3.8131897,4.1470215,6.7746822,2.3357386,3.6284955,2.5589175,4.5624512,5.0531157,2.7521521,2.9225355,4.0275873,3.0749052,1.3302215,4.1697661,4.5276571,-0.2770228,3.9243675,3.6609669,1.7480202,2.9751338,2.2529525,-0.8789255,2.5589175,-0.8789255,3.1223173,1.8641339,1.1589139,7.1311134,6.1134228,4.4179374,6.9655032,-0.8789255,-0.8789255,2.1651251,-0.2770228,-0.8789255,3.4907672,-0.8789255,5.6301802,3.8417977,3.9769003,-0.8789255,0.0
CALU3_T1_S44,Lung,Cancer,-0.87892552,2.87654708,3.28450668,5.71547541,7.07195951,5.67086141,6.51326212,-0.87892552,5.20728669,1.90451646,3.22403131,5.35559957,6.36010693,-0.87892552,3.39834559,3.73812135,4.08271013,4.21288985,6.49418357,5.14341151,6.64018253,4.2738243,4.66358659,3.90149928,7.04161866,6.86475579,1.34699139,7.90296821,-0.08347752,3.86235639,3.64892598,-0.87892552,-0.87892552,4.0129327,6.84982399,4.70842266,5.91993423,3.86235639,2.52202373,2.79574527,2.30563705,1.10017242,5.29809082,7.19914812,3.73812135,3.02572318,4.49468419,4.81477109,-0.87892552,7.96202012,-0.87892552,9.73091187,5.02433694,7.46390985,6.65743576,1.90451646,3.22403131,4.81477109,3.86235639,6.71898889,6.69133531,2.52202373,3.90149928,5.04196122,6.27324085,7.05035278,-0.87892552,7.25310719,4.14926782,3.86235639,-0.87892552,3.60217131,4.93283367,4.56950444,4.64063497,5.25340304,4.85520835,4.14926782,3.69421287,-0.87892552,8.24293401,1.90451646,2.71014805,2.6191501,4.04824323,5.62482362,3.73812135,1.74149989,5.86158033,4.95160451,5.15964739,4.77316765,4.08271013,0.42630522,5.23819413,5.17570258,-0.87892552,3.86235639,5.69334086,1.74149989,6.32454614,5.75875104,-0.08347752,-0.87892552,-0.87892552,-0.08347752,6.69133531,5.22282318,5.73727548,6.18874052,6.09053751,3.86235639,3.93960814,4.59360639,5.85162101,3.50385505,3.02572318,3.22403131,2.87654708,3.02572318,4.11637276,4.91381538,4.79411933,5.09357793,4.6173123,6.46834658,3.34254868,2.18391502,3.28450668,-0.87892552,3.16090958,-0.87892552,3.69421287,4.56950444,2.30563705,7.27934832,5.98515846,3.16090958,7.53097065,3.73812135,-0.08347752,1.10017242,-0.87892552,2.87654708,3.97673621,4.2738243,3.93960814,3.39834559,4.21288985,7.37631613,0.0
CALU3_T2_S45,Lung,Cancer,-0.87892552,3.634729,3.32850465,5.59840304,7.19998302,5.74405726,6.43390984,-0.87892552,5.17695944,2.03808184,3.32850465,5.58656532,6.26594356,-0.87892552,3.48972646,3.32850465,4.31784812,4.64906306,7.0399175,5.31249019,6.60209153,4.45437896,5.02736385,4.19848368,7.0994407,6.69873411,1.8918383,7.86384447,-0.87892552,3.72388561,4.13488136,0.41748658,-0.87892552,3.43796218,6.7944621,4.7586207,5.89566229,4.55500247,2.93926608,3.27049546,1.08910834,2.40455733,5.35497818,7.05717619,4.19848368,3.48972646,4.03388993,4.40130683,-0.87892552,7.8760527,-0.87892552,9.50668529,4.89924088,7.55009113,6.54818037,2.03808184,3.01187545,4.91825565,3.96240782,6.66535923,6.49217618,3.1469728,4.28892005,5.12879742,6.18974332,7.28301193,-0.87892552,7.14857611,4.69388933,3.76647942,-0.87892552,3.72388561,5.34095409,4.7586207,4.69388933,5.32679234,5.35497818,4.13488136,3.27049546,-0.87892552,8.20119948,2.78206958,1.33533364,4.10199684,4.40130683,5.40974978,3.92529318,2.29243356,6.0240897,4.22926335,5.46251782,4.80021571,3.53969758,0.41748658,5.50086465,4.73736466,-0.87892552,4.10199684,5.71172623,1.8918383,6.26594356,6.06732015,-0.87892552,-0.87892552,-0.87892552,-0.87892552,6.50481079,4.93702305,5.48819529,6.28071228,6.09264999,3.32850465,3.96240782,4.37402021,5.85676632,3.27049546,3.1469728,3.27049546,3.27049546,2.60562641,3.21005572,5.23877211,4.73736466,5.02736385,4.87997215,6.47301435,3.1469728,2.29243356,3.58799562,-0.87892552,2.86280779,-0.87892552,3.80785168,4.57909876,2.78206958,7.37190364,6.01528596,3.01187545,7.44911219,3.32850465,-0.08975015,0.7920323,-0.87892552,2.86280779,3.0810049,4.16703298,3.48972646,3.88719846,4.16703298,7.14454481,0.0
CALU3_T3_S46,Lung,Cancer,-0.87892552,3.51328328,2.24071279,5.56645416,7.18663589,5.82246793,6.47918965,-0.87892552,5.0333911,2.47581429,3.51328328,5.31685467,6.01204401,-0.05585287,4.30622021,3.75591565,4.07516042,4.60787532,6.96306947,5.30163624,6.65713352,4.33640316,5.27070915,4.11052227,6.83150252,6.61466258,1.95969546,7.79583198,-0.87892552,3.66369958,3.61528262,-0.87892552,-0.87892552,3.8425898,6.72144579,4.81498561,5.74582732,4.68026639,2.85515751,3.15523729,2.36304727,1.14846914,5.10527113,7.02923804,4.17874735,2.85515751,4.33640316,4.83626465,-0.05585287,7.75171787,-0.87892552,9.48669409,4.72658474,7.42649642,6.44496854,2.10703563,2.76925796,4.70361144,4.11052227,6.64512601,6.38846815,2.85515751,4.33640316,5.20679201,6.17122855,7.31723191,-0.87892552,7.44392891,4.58291462,4.00172516,-0.87892552,4.11052227,5.37617211,4.11052227,4.55751445,5.12269517,5.01484723,4.27539229,3.71054429,-0.87892552,8.21879019,3.01298543,2.24071279,3.61528262,3.79990353,5.59169879,4.07516042,1.95969546,5.92534071,4.65653736,5.30163624,4.45119068,3.88404928,0.46495976,5.44704557,4.87790369,-0.87892552,3.88404928,5.65294287,2.93622865,6.26836187,5.73453858,-0.05585287,-0.87892552,-0.87892552,1.795578,6.51921148,4.45119068,5.67673061,6.19613183,6.01204401,3.45944533,3.56518419,4.65653736,5.73453858,3.15523729,3.40352014,3.51328328,3.01298543,1.95969546,3.22142726,4.793388,4.9577411,5.20679201,4.70361144,6.32966453,3.56518419,2.58040241,3.71054429,-0.87892552,3.08586393,-0.87892552,3.34533931,5.01484723,2.76925796,7.2153431,6.32214264,3.22142726,7.27889071,3.51328328,-0.87892552,0.84681994,-0.87892552,2.85515751,3.75591565,4.58291462,3.40352014,3.22142726,3.61528262,7.14886686,0.0
DMSO2_TAG0186_R1,Bcell,Control,0.8891769,4.6668907,3.0693332,4.5708836,8.4384949,5.3025783,5.0973454,-0.8789255,2.4462755,2.6098132,4.3572748,5.4822183,4.9524657,-0.199489,4.1064484,3.1776032,4.7742537,5.5742304,6.1864596,4.468029,4.7035734,3.5030476,5.2662555,2.5303603,4.9216583,8.5036502,3.0119905,6.9021138,0.6088399,2.1598916,3.2288361,-0.8789255,0.2605625,4.3801163,5.2539418,4.0218292,3.6228008,7.3145227,2.5303603,8.6899984,1.9315467,6.565974,6.2865729,5.3725904,5.777161,4.6100564,3.1776032,4.3104774,6.9099831,7.5890419,0.2605625,6.795703,4.8083364,4.5306173,4.9974774,-0.8789255,4.9060043,4.2864969,-0.8789255,6.774308,6.0291644,2.356985,4.4465479,4.7393464,5.6036417,4.8416325,-0.8789255,5.3025783,5.1110643,3.1776032,1.6601373,2.356985,3.6974477,5.1907456,3.660607,2.356985,3.1776032,1.3255548,2.8899783,2.0502321,7.5109934,2.4462755,2.4462755,3.6228008,3.6974477,4.7035734,2.1598916,3.4608142,4.629251,3.9924827,2.9522739,3.372447,4.6853486,0.2605625,5.3262951,4.4026018,6.2121468,5.2415221,4.4247422,1.802215,7.0800553,6.1065345,-0.8789255,4.2120667,-0.199489,1.1238024,6.0718798,5.5340588,4.5708836,4.9676262,5.777161,3.2783119,4.0218292,3.4173071,4.2120667,2.6098132,4.3572748,2.6098132,2.0502321,-0.199489,3.1776032,3.1244836,3.660607,-0.8789255,3.3261471,5.3496284,3.372447,2.356985,3.2783119,-0.199489,3.5839772,-0.199489,7.0939387,-0.8789255,1.6601373,5.8688378,6.2498397,4.0505906,6.3970836,0.6088399,1.1238024,0.2605625,-0.8789255,0.2605625,1.9315467,5.3262951,3.4608142,3.0693332,4.0218292,1.802215,0.0
DMSO3_TAG0186_R1,Bcell,Control,1.14784631,4.72577637,3.61449393,4.60706841,8.02540834,5.17292628,4.83545503,-0.87892552,1.79488198,2.3623092,4.14423811,5.67591406,5.3008223,-0.87892552,4.30541758,2.85439422,4.33560005,5.73372168,6.49183366,4.58210803,4.63160427,4.14423811,5.55284847,2.1063145,5.06896677,8.21796637,3.56439679,6.89796369,-0.87892552,2.57965214,3.66290968,-0.87892552,-0.87892552,4.10972293,5.53994423,3.56439679,4.33560005,7.77036071,3.51249727,8.80407557,2.23998244,6.38042751,6.01122564,5.4599967,5.89442391,4.89747078,3.08509147,4.50452626,6.96707603,7.15652366,0.8462442,6.53799311,4.60706841,4.24308959,4.365164,-0.05621163,5.36075541,4.17794681,-0.05621163,7.0916824,5.75621139,2.85439422,4.67945857,4.50452626,5.3160406,4.95693022,-0.87892552,5.43233174,5.57831576,3.96275995,-0.87892552,1.79488198,4.00092786,5.62794006,3.45866082,2.1063145,3.79911043,1.60968727,2.85439422,0.8462442,7.13523208,2.1063145,2.1063145,3.84179576,3.70975326,4.33560005,2.47506966,3.40273724,4.79257887,4.03811197,3.15446235,3.51249727,4.50452626,-0.05621163,5.3008223,4.60706841,6.35117787,5.67591406,4.47771002,2.57965214,6.88781458,6.02980526,1.3971692,4.70280334,-0.87892552,0.46445963,6.0390061,4.97621766,4.81417623,4.79257887,5.48714113,3.34455816,4.45038587,3.28393395,4.21088584,3.15446235,4.63160427,2.1063145,1.79488198,-0.05621163,1.95898554,3.51249727,3.61449393,-0.87892552,3.61449393,5.65212646,3.61449393,2.76849848,3.84179576,-0.87892552,4.30541758,-0.87892552,7.03302833,-0.87892552,1.60968727,5.91455943,6.29851915,4.03811197,6.40198202,-0.87892552,-0.05621163,1.14784631,-0.87892552,-0.87892552,2.3623092,5.61569309,3.34455816,3.45866082,4.87709364,0.46445963,0.0
GLC_T1_S41,Lung,Cancer,-0.8789255,4.6878946,3.6074967,5.2406272,6.8703043,5.3545074,5.8186566,-0.8789255,4.5749515,2.379018,6.0727318,5.3545074,6.6867938,-0.1016858,3.9349197,3.5125509,4.426601,3.8206651,6.591291,5.4600524,7.581381,3.6965778,-0.8789255,3.0543613,4.7926341,6.6200422,2.5797034,6.1536212,-0.1016858,2.6704639,2.9128131,-0.8789255,4.2317253,2.4828474,7.3469506,6.4575002,5.2553636,4.5982586,2.8364657,2.0133951,0.7725492,2.379018,6.0219277,9.2897594,3.859764,4.290141,3.2436245,4.5982586,2.379018,6.6313842,3.6074967,8.2811449,4.8902815,6.252422,6.6370219,-0.8789255,1.7053012,5.6392756,1.067953,5.5702345,4.7516462,-0.8789255,4.1708442,5.3128486,6.2000637,6.1536212,-0.8789255,7.3261622,6.3517614,3.3015699,-0.8789255,4.9993521,4.2016059,5.3681306,3.4626272,4.7307071,5.5100637,4.1708442,3.6527247,-0.8789255,10.5887431,2.0133951,2.145835,4.6878946,4.0407861,5.326869,4.5271765,1.7053012,6.41219,6.0643878,2.9128131,4.7307071,4.0063534,-0.8789255,6.0810279,4.290141,7.2979699,4.9275621,5.605168,2.0133951,6.6758808,5.2553636,-0.1016858,-0.8789255,-0.8789255,-0.8789255,6.4317832,5.0677383,3.8978312,5.2406272,6.9719443,3.6074967,4.0744162,4.6878946,4.9639036,3.780477,3.859764,4.1072802,3.6965778,2.145835,3.1832541,4.0407861,3.1832541,-0.1016858,4.4003221,6.7916105,2.9853225,3.6527247,3.4626272,2.8364657,3.9710786,-0.8789255,3.1832541,-0.8789255,3.2436245,8.5807949,5.3545074,4.2317253,9.5434581,-0.8789255,-0.8789255,1.067953,-0.8789255,-0.8789255,2.379018,-0.8789255,4.7307071,2.4828474,4.3735556,2.379018,0.64
GLC_T2_S42,Lung,Cancer,-0.87892552,4.66485856,4.31109765,5.20135897,6.66407258,5.33410728,5.88878568,-0.87892552,5.17012386,2.16475556,6.61851841,5.20135897,6.60690152,0.41337606,4.19174956,3.32194103,4.33945337,4.02718071,6.34547592,5.59154097,7.97684596,3.48312303,-0.09267014,1.88591716,4.94873121,6.4725322,2.59930765,6.46611679,-0.09267014,3.20352431,3.53308269,-0.87892552,4.66485856,2.69018701,7.40913173,6.40034305,5.23193214,4.36726249,3.26394729,2.7756793,2.03206249,1.53995365,5.75834504,9.17534285,3.75981722,4.36726249,3.43137105,4.8137657,3.20352431,6.74579338,3.20352431,8.09589772,4.8137657,6.06043642,6.57147881,-0.09267014,-0.09267014,5.6493119,0.41337606,5.21672654,4.02718071,0.78727526,4.33945337,5.54359856,6.40705701,6.19065842,-0.87892552,7.15368916,6.11885983,3.20352431,-0.87892552,5.59154097,4.64227368,5.37577441,3.00540421,4.22252488,5.97264353,3.75981722,3.07451173,-0.87892552,10.12615111,2.69018701,0.78727526,5.08894281,4.47342974,5.40289862,3.88051395,1.88591716,6.10240744,5.73718769,2.59930765,4.16030341,3.37769334,-0.87892552,5.70485826,4.47342974,7.35807322,4.83383688,5.51901637,2.28626543,6.39359769,5.31994644,1.3298919,-0.87892552,-0.09267014,-0.87892552,6.55947529,4.49879419,3.91860201,5.08894281,6.76159638,3.99188805,3.71723174,4.77276569,4.70899456,2.8563876,3.91860201,3.84139302,3.80118162,1.3298919,3.00540421,3.32194103,3.71723174,-0.87892552,4.57231687,6.71365838,3.71723174,3.48312303,3.48312303,2.28626543,4.44761136,-0.87892552,3.48312303,-0.87892552,3.99188805,8.52572486,5.60328171,4.28217341,9.55822373,-0.87892552,-0.87892552,-0.09267014,-0.87892552,-0.87892552,2.59930765,-0.87892552,4.6193296,3.14045965,4.64227368,2.39833148,0.79
GLC_T3_S43,Lung,Cancer,-0.87892552,4.82133563,4.25018063,5.22941951,7.11215728,5.19673887,6.14376598,-0.87892552,4.86358802,1.61568941,5.98056994,5.12906917,6.6990087,1.1533584,4.61420609,3.6698972,4.79973615,4.08142682,6.42342864,5.41133255,7.68642776,3.71675076,-0.05303428,2.36883909,4.73292688,6.5899802,2.48165748,6.16080981,-0.87892552,2.94224445,3.2275254,-0.87892552,4.45750491,2.68384402,7.47784506,6.22704025,5.26137622,4.18502819,2.24644416,3.09192496,-0.05303428,2.24644416,5.86052132,9.33228314,3.01902501,4.28168571,3.16131775,4.94455236,2.86114676,6.65156574,3.46560078,8.13542051,4.94455236,6.2107655,6.62724608,-0.87892552,0.85134023,5.7855839,0.85134023,5.11164391,4.42964971,-0.87892552,3.93059397,5.18011668,6.42342864,6.33609568,-0.87892552,7.28922328,6.56459052,3.71675076,-0.87892552,5.33830185,4.51165197,5.22941951,3.2275254,4.58924287,5.6229125,3.89028616,3.01902501,-0.87892552,10.31130645,2.68384402,0.46888725,4.96410289,4.18502819,5.72956914,4.28168571,1.9652669,6.11781664,5.85005136,2.77521742,4.58924287,3.96980614,-0.05303428,5.8914829,4.40124609,7.46417965,4.63874469,5.56006428,1.9652669,6.51243003,5.26137622,-0.87892552,-0.87892552,-0.05303428,-0.87892552,6.47203355,5.26137622,3.6698972,5.35320674,6.99824705,3.40966296,4.08142682,4.6628729,4.86358802,3.29082753,4.31251747,3.46560078,3.29082753,2.1126948,3.01902501,3.84881974,3.51945042,-0.87892552,4.00798068,6.77292344,3.01902501,3.93059397,2.58628978,1.9652669,4.11679372,-0.87892552,3.40966296,-0.87892552,3.57136221,8.72519315,5.35320674,3.76213043,9.55812445,-0.87892552,0.46888725,-0.05303428,-0.87892552,-0.87892552,3.16131775,-0.87892552,4.77780837,3.09192496,4.28168571,2.58628978,0.0
KIF1_TAG0186_R1,Bcell,Man-inhibited,0.7579712,4.7202177,3.364033,4.5183383,8.2816319,5.2632577,5.1395826,-0.8789255,3.1476285,2.3598378,3.6543011,5.3264997,4.7816864,0.7579712,4.1026733,3.2381213,4.7358321,5.3057255,6.4551875,4.2404051,4.4251035,3.6210546,5.2195018,0.9840026,4.8114657,8.2079739,3.6210546,7.5018339,0.4898267,3.1935843,3.6210546,-0.8789255,-0.8789255,4.2835409,5.6568681,4.1026733,4.3046346,7.9294332,3.2381213,8.0183037,2.2768813,6.0049746,5.7974286,5.7520799,5.697306,4.8972842,3.749677,4.7202177,6.9121786,7.2748282,-0.8789255,6.7866151,4.6059119,4.2621342,4.6228063,-0.8789255,5.3571105,4.1731822,-0.8789255,6.8561304,5.9322946,2.5126809,3.8958362,3.9503913,5.7899688,4.4251035,-0.8789255,4.9383521,5.5011198,3.516455,1.179371,2.0951219,3.5870238,5.445229,3.749677,2.6508714,3.442256,1.8871171,2.8361198,1.6439873,7.2614051,2.3598378,2.0951219,3.6867987,3.867765,5.06737,1.9948649,3.9769142,4.4631235,3.867765,3.4798325,4.0536772,4.3254244,0.1601993,4.6228063,4.2621342,6.0049746,5.5282737,4.3046346,2.5834301,6.9760257,6.151881,-0.2677622,4.6884724,-0.8789255,0.9840026,5.8413953,4.855013,4.7358321,4.7358321,5.7052593,3.3232714,4.0285406,3.516455,4.4817642,2.8929356,4.1731822,2.2768813,2.8361198,-0.8789255,1.8871171,3.7185804,3.2813244,-0.8789255,3.2381213,5.6403702,3.4036746,2.8929356,3.2381213,-0.2677622,4.1959396,0.1601993,6.9694365,-0.8789255,2.3598378,5.6320499,6.0049746,3.8099289,6.3676939,-0.8789255,0.7579712,0.9840026,-0.8789255,-0.2677622,3.0510775,5.7824702,3.6543011,3.0510775,4.8114657,0.9840026,0.0
KIF2_TAG0186_R1,Bcell,Man-inhibited,1.50160301,4.72640427,3.07450029,4.83318177,8.13404784,5.47639334,4.84598997,-0.87892552,2.83854246,2.28249052,3.86044323,5.53293278,5.00290785,0.38556582,4.00449849,3.64283657,4.8712702,5.41754741,6.258322,4.50202285,4.84598997,3.64283657,5.45146697,2.03652838,4.66989785,8.20287357,4.17660739,7.38628435,-0.32558962,3.15904299,3.61317434,-0.87892552,-0.87892552,4.54977793,5.75290261,3.80904069,4.04948855,7.95497853,3.75573881,8.22632975,2.03652838,6.11752783,5.87665336,5.91362558,5.49277482,5.01430008,3.07450029,4.69842769,6.8414642,7.51816938,-0.32558962,6.93734129,4.54977793,4.53403456,4.82025884,-0.87892552,5.46813231,4.46928468,-0.32558962,6.8886524,6.01917601,2.49256357,4.53403456,4.43578633,5.79973897,4.45263273,-0.87892552,4.96818124,5.57200313,3.23890448,0.38556582,2.42588111,3.80904069,4.93259809,3.42112489,2.28249052,3.5519551,1.73983577,3.19952626,1.73983577,7.22894688,2.5562996,1.50160301,3.83497088,3.88547364,4.96818124,1.50160301,3.86044323,4.21660751,4.19674608,2.8889225,4.13546652,4.50202285,0.07337073,5.0699497,4.58075847,5.83870867,5.55650173,4.40149164,2.49256357,6.95813665,6.43825205,0.07337073,4.53403456,-0.87892552,1.3659006,5.99637866,5.27328318,4.78078065,4.74019171,5.71151025,3.11739083,4.25552845,3.83497088,4.45263273,2.98469327,4.13546652,2.42588111,2.83854246,0.85978822,1.944248,3.61317434,3.03029547,-0.87892552,3.23890448,5.29212506,3.72833073,2.28249052,2.8889225,-0.87892552,4.13546652,-0.87892552,6.92532225,-0.32558962,2.5562996,5.54083195,6.22439054,4.31200921,6.56373389,-0.32558962,0.6420749,-0.32558962,-0.87892552,-0.87892552,2.73217595,5.69744461,3.64283657,3.48802252,4.59600278,1.50160301,0.0
N1_S35_R1,Lung,Cancer,-0.8789255,4.468325,3.3283149,4.5767287,7.4115869,4.8166954,6.5114566,-0.8789255,4.1198324,2.6224058,4.288725,6.2984341,6.434311,0.4930968,4.0463206,3.1986006,3.2649151,3.056061,5.464673,6.5385174,4.6775532,4.6280216,3.8002244,3.9285135,5.8027094,5.6985896,0.4930968,6.7326201,0.4930968,3.1986006,4.6280216,-0.8789255,-0.8789255,3.8002244,6.1916767,2.5175064,3.4473225,3.9688609,2.2816166,3.1986006,1.1834251,2.8117693,3.6092342,5.5200301,2.7201922,4.0463206,5.6120706,4.2564913,1.1834251,7.3669937,0.8791631,7.4042498,5.1330453,5.7105366,4.468325,-0.0356124,-0.0356124,1.6483936,0.8791631,5.5335438,4.0835446,0.8791631,4.4961991,3.3890455,6.0855868,5.6621435,-0.8789255,6.8452739,5.1506912,3.056061,-0.8789255,4.2235209,4.1198324,4.9435904,2.1474303,3.8870052,5.0787745,3.2649151,5.2522609,-0.8789255,7.0282288,2.8117693,2.7201922,4.2235209,4.7254406,4.653,2.5175064,2.4043773,6.4270888,5.4504953,1.6483936,3.2649151,5.546932,-0.0356124,5.0970926,4.3202543,8.3945458,5.2522609,5.5733414,2.8978787,7.4297682,6.2984341,0.8791631,-0.8789255,0.8791631,1.4345608,5.6621435,4.7717894,4.9435904,4.1552297,6.7844054,3.3283149,2.9791367,3.056061,3.8002244,3.6092342,2.1474303,2.4043773,3.2649151,1.4345608,2.2816166,3.8870052,3.5033365,-0.8789255,4.0463206,5.5733414,1.1834251,2.6224058,3.2649151,1.1834251,3.5033365,-0.0356124,6.2170235,1.1834251,3.3283149,6.9294631,6.2086239,2.6224058,7.1560413,-0.8789255,-0.8789255,-0.8789255,-0.8789255,-0.0356124,1.9994713,1.4345608,4.6026031,3.3890455,3.5033365,-0.8789255,0.0
N2_S36_R1,Lung,Cancer,-0.87892552,4.28143314,3.09168169,4.66261864,7.71817843,5.00217122,6.69290448,-0.87892552,4.00772963,1.80082127,4.56358623,6.4717753,6.63919874,1.40275881,4.00772963,3.40941642,4.28143314,3.01878261,4.94429712,6.49211491,4.884004,4.08117533,4.28143314,3.96955532,5.75197947,6.12626056,-0.05314753,6.73902033,-0.05314753,3.22728065,4.68634985,-0.87892552,-0.87892552,3.57111426,6.24287549,2.94200299,3.22728065,3.89003585,1.96504324,2.68360617,1.15316209,2.68360617,3.71650167,5.26112007,2.94200299,3.51920291,5.14603064,4.77755368,1.80082127,7.60133223,0.4687295,7.45012454,4.82108079,5.79627323,4.92447807,-0.87892552,-0.05314753,1.80082127,-0.87892552,5.11138816,4.48457893,0.4687295,4.04491981,3.76188101,5.99938396,5.59784386,-0.87892552,6.69875023,5.05781295,2.48142294,-0.87892552,4.11654203,4.04491981,5.2129157,2.48142294,3.16107371,5.22916344,3.40941642,5.38230591,-0.87892552,6.83237986,2.94200299,1.15316209,4.15106244,4.68634985,5.07589332,3.16107371,2.48142294,6.51879586,5.2129157,2.58605347,3.29058213,5.05781295,-0.87892552,5.41107603,4.5889889,8.46513093,5.11138816,5.78532663,2.68360617,7.41504587,6.21866789,1.40275881,-0.05314753,1.61547568,-0.05314753,6.03678713,4.51139833,4.40099294,4.18477612,6.84297649,4.18477612,3.35122247,3.22728065,3.71650167,3.29058213,1.80082127,2.2462141,3.29058213,1.15316209,2.11246763,3.22728065,3.62122242,-0.87892552,4.04491981,5.27683679,0.4687295,2.94200299,3.01878261,1.40275881,3.09168169,-0.87892552,6.08221736,0.85115871,2.58605347,6.88460141,6.43021506,2.2462141,7.15079977,-0.87892552,-0.87892552,-0.05314753,-0.87892552,-0.87892552,2.11246763,0.85115871,4.40099294,3.62122242,3.22728065,-0.87892552,0.0
N3_S37_R1,Lung,Cancer,-0.87892552,4.17998999,2.30431632,4.46480033,7.62223745,4.8636867,6.80981342,-0.87892552,4.14457343,1.85625469,4.2145579,6.19987029,6.43057319,0.89719439,4.31355357,3.86884157,3.68384724,3.22263369,5.1039001,6.34734844,5.04749144,4.31355357,4.0710202,4.03278781,5.71180853,6.08312519,-0.87892552,6.95488302,0.50881853,3.00292319,4.0710202,0.50881853,-0.87892552,3.58162011,6.21702123,2.54063376,3.00292319,3.77930757,2.16985357,3.41326405,-0.87892552,2.74363511,3.22263369,5.47571341,2.64570203,3.47159312,5.24435588,4.70254819,0.50881853,7.30692215,0.89719439,7.38866391,4.88530469,5.85015097,4.67798569,-0.87892552,-0.02425483,1.85625469,-0.87892552,5.15818595,4.43579293,0.89719439,3.95314227,4.62756936,6.12006325,5.6625806,-0.87892552,6.67977266,5.1039001,3.22263369,-0.02425483,4.28130394,3.95314227,4.67798569,2.64570203,3.47159312,5.41755409,3.00292319,5.50393685,-0.87892552,6.79846416,2.74363511,2.02155829,4.79681839,4.52112196,5.02818755,3.15304946,2.54063376,6.43057319,5.1039001,1.85625469,3.82476902,5.21050298,-0.02425483,5.37234237,4.43579293,8.53391374,5.4026404,5.83911583,1.66952975,7.51538095,6.07374098,1.20288575,1.20288575,1.45499325,0.89719439,5.8827588,4.8636867,4.72669949,4.70254819,6.66734826,3.91160757,3.0799382,3.41326405,3.86884157,3.73236681,2.02155829,1.85625469,4.03278781,-0.87892552,2.02155829,2.9215639,3.63363894,-0.02425483,4.17998999,5.24435588,1.45499325,2.42730832,2.64570203,0.50881853,3.28901559,-0.87892552,6.01611659,1.45499325,2.42730832,6.80414995,6.05478744,2.74363511,7.1683117,-0.87892552,-0.87892552,-0.02425483,-0.87892552,-0.87892552,2.9215639,0.89719439,4.14457343,3.35247698,3.0799382,-0.87892552,0.0
tag277_A1_R1,Muscle,Cancer,-0.87892552,5.68934332,4.64231717,5.75607688,6.47142372,5.49984239,5.59770204,-0.87892552,2.73360716,2.62353307,4.95794887,6.07640521,7.55957963,0.35237374,3.36675602,3.43351939,5.47628457,3.58804555,6.45142629,5.59770204,4.01602368,3.18493448,3.06371615,-0.87892552,3.29675251,5.02443106,6.97015064,7.3114977,0.04595135,4.1609822,5.56084504,0.04595135,-0.87892552,3.43351939,6.36427198,3.97178332,4.88825442,4.65636141,3.36675602,1.00687006,3.18493448,-0.87892552,4.4298305,7.49657199,5.49203245,3.94914378,5.08798411,5.21677035,7.29363753,8.00318447,0.60497764,6.80661566,5.23560158,6.34272118,4.49380024,-0.87892552,-0.87892552,5.96797291,1.32085323,7.18156816,5.05655751,1.45545681,4.82748804,3.87901213,5.91638649,3.14564925,-0.87892552,6.54120278,5.56829216,1.5785666,-0.87892552,5.8749483,5.78192932,5.01356127,3.36675602,3.67339345,5.60496178,5.72309592,4.78976044,-0.87892552,6.55626135,2.78564705,1.79714624,5.81360673,6.09198938,5.71640828,4.75101969,1.9869251,5.51533658,5.07758446,0.81987326,4.8398478,4.55505355,4.3456608,5.95666762,4.49380024,5.70293926,4.73787142,5.14885527,2.62353307,6.09714691,4.82748804,2.3048309,-0.87892552,-0.34360798,2.50436171,5.86288686,4.81502148,3.99407307,5.22621669,6.06592144,2.83587496,5.67561802,4.18055087,4.55505355,3.49732933,3.8052963,2.56517753,3.18493448,1.79714624,1.32085323,4.21890948,4.4621699,-0.87892552,4.18055087,4.41338483,4.23771299,3.90277017,2.23167805,-0.87892552,3.70075645,-0.34360798,1.79714624,4.82748804,2.3048309,6.43522634,6.22515293,3.90277017,7.7169484,-0.87892552,0.04595135,-0.87892552,-0.34360798,-0.87892552,3.52820622,2.78564705,5.54583449,4.88825442,4.01602368,-0.87892552,0.37
tag277_A2_R1,Muscle,Cancer,-0.8789255,5.6193633,4.3424689,5.8224364,6.4243271,5.7388791,5.3975538,-0.8789255,2.7442038,2.9563635,5.2117032,6.0335261,7.3816924,-0.8789255,4.3870637,3.6604191,5.4405025,3.4523331,6.3436597,5.7784754,3.7541922,3.3658517,3.6111431,-0.8789255,3.3358329,5.2604582,6.7713116,7.3331349,-0.403422,4.0598617,5.323003,-0.8789255,-0.8789255,3.4240781,6.4664976,3.9252228,4.4584553,4.6040899,2.7442038,1.1648485,2.875204,-0.8789255,3.9049204,7.195738,5.5942244,4.04138,5.1440228,5.0173587,7.2123553,7.9447192,1.6281945,6.5828906,5.4958482,6.4630301,4.5528167,-0.8789255,-0.8789255,6.1285157,0.4781274,7.0985227,5.0361488,1.0213419,4.6166285,4.1997648,6.0704538,2.9563635,-0.8789255,6.4027704,5.3607599,1.5255519,-0.8789255,5.8911337,5.7388791,5.2684262,3.3051762,3.5858593,5.5878707,5.8332205,4.6536033,-0.8789255,6.2461594,2.7892052,1.8984524,5.3975538,6.4802849,5.3902697,5.0361488,2.6977533,5.6440717,5.0730103,0.4781274,4.6896541,4.5658069,4.1139276,6.3991461,4.6413833,5.6863185,4.6040899,5.3076192,2.2599001,5.9468115,5.0638829,2.2599001,-0.8789255,0.4781274,2.1259824,5.9956282,4.9093967,4.2807805,5.117801,6.2176356,2.5486921,5.6005503,4.0961298,4.4860513,3.3952586,3.5601245,3.2738539,3.3358329,2.6001095,1.8138694,4.3119544,4.4160456,-0.8789255,4.0781098,4.7926972,4.4016274,4.04138,2.382436,-0.0463945,3.3051762,-0.8789255,1.7240169,4.5397085,2.1944945,6.3991461,6.4063856,4.216336,7.5282562,-0.8789255,0.4781274,-0.8789255,-0.8789255,-0.8789255,3.0701355,2.3224686,5.668364,4.4860513,4.0598617,-0.403422,0.32
tag277_DA1_R1,Brain,Cancer,-0.8789255,4.7796762,3.346571,5.3200992,7.8298933,6.0044766,6.1814855,-0.8789255,3.7228458,1.9081498,4.371023,5.2676437,7.2336086,1.8379306,3.157713,2.7996627,4.4078442,3.5579038,6.5813362,6.020416,6.3004892,2.9064468,4.281266,3.186254,5.1566389,5.4135911,-0.8789255,5.8613724,-0.1513883,2.9734836,3.7612945,0.5213529,5.1127066,3.2950863,5.540605,3.4205088,4.7027397,3.87085,2.7996627,5.1638326,1.9751092,3.1285958,3.8531588,6.4783521,5.2941099,4.7027397,3.186254,5.2270112,1.4240838,7.7425046,4.371023,7.205998,5.0902284,6.0900409,4.8878955,-0.4697735,4.443749,4.5573613,2.8361427,7.0823744,5.1922541,-0.8789255,4.156997,4.8348003,6.0044766,4.682847,-0.8789255,7.3101665,6.1087994,2.4689302,-0.8789255,3.467776,4.8527167,4.1855521,3.1285958,3.8352479,5.9304865,4.490273,3.2950863,-0.8789255,7.9912443,3.798745,1.1033454,4.3834015,4.5242071,4.281266,3.0375432,2.4689302,5.6107181,5.1421429,1.9751092,4.6004141,4.5682455,3.2950863,6.0556484,5.5625434,4.7125842,4.2410207,6.1814855,2.6437532,6.5624082,4.7320738,-0.1513883,1.1033454,0.8414998,0.5213529,4.6928276,4.1713452,5.0902284,5.2743059,7.0632668,3.3716403,3.9726701,3.7032302,4.2410207,3.4205088,2.2699632,3.0375432,2.9734836,0.978355,0.8414998,3.157713,3.3210583,-0.8789255,2.723813,5.0441932,1.9751092,3.467776,3.621987,1.2183652,3.0988789,-0.1513883,5.0519685,4.0677754,2.322336,6.4284522,6.2540589,3.2142414,7.5999532,-0.8789255,0.1092794,-0.4697735,-0.8789255,-0.8789255,2.5589882,2.0390983,4.0830341,2.871723,3.1285958,3.798745,0.11
tag277_DA2_R1,Brain,Cancer,-0.87892552,4.85200889,3.3929296,5.22754848,7.77360174,6.01732091,6.16274275,-0.48295979,4.09004227,2.11168666,4.54749002,5.30479682,7.21842877,1.38106375,3.52793009,2.16790341,4.70776918,3.5909708,6.52748891,6.08458005,6.2137067,3.04821688,3.81873923,3.10691127,5.05196366,5.29851511,-0.87892552,6.00579976,-0.87892552,3.24397989,4.03064314,0.29949789,5.11766276,2.95543956,5.36013432,3.36914824,4.39096673,3.70934528,2.74980581,5.44220557,1.28265777,2.55276713,4.16100903,6.38949282,5.01412852,4.305839,2.67418809,5.10331934,0.8039906,7.76792928,4.41439402,7.29457671,4.8084634,6.10632055,4.88592304,0.65460773,4.5580464,4.75441219,2.37313103,7.32425428,5.15985675,0.93934676,4.17479289,4.8347481,6.00579976,4.81727828,-0.87892552,7.24317073,6.01732091,1.71876589,-0.87892552,3.07786254,4.68868138,4.03064314,2.55276713,3.61138673,5.77190119,4.79959432,3.52793009,-0.87892552,7.91067635,3.85343511,1.17704496,4.33067805,4.61981225,4.17479289,3.3449683,2.8216567,5.49260243,5.18049984,2.32449569,4.305839,4.26775968,3.63151778,5.94677213,5.12478135,4.70776918,4.35509667,6.14184215,1.99222131,6.59311708,4.70776918,0.08267544,0.65460773,0.8039906,0.48795133,5.07419746,4.48247633,5.0668242,5.38998429,7.10781882,3.21758823,3.76507887,3.76507887,4.34293902,2.92313882,2.46574318,3.01794922,1.79214034,1.28265777,1.71876589,2.8216567,3.26989742,-0.87892552,3.52793009,5.07419746,1.71876589,3.5702618,3.61138673,1.38106375,3.19070476,-0.48295979,5.13186498,4.11884922,2.50991122,6.06990222,6.37762278,3.63151778,7.63214872,-0.87892552,0.08267544,0.29949789,-0.87892552,-0.87892552,2.27416342,2.27416342,4.20197171,2.63483906,3.24397989,3.9527807,0.13
tag277_DB1_R1,Bcell,Cancer,3.63969269,6.81665524,3.5419516,5.25174124,7.48529454,6.30535951,5.44258431,1.00962427,2.30819062,1.50072004,3.4586922,6.33192216,6.20355184,-0.20032703,2.56860577,3.80049537,4.40042686,4.29636634,6.94073466,5.2701722,4.91166047,3.94515884,4.87198646,2.25982234,5.37607103,7.40138777,-0.50008982,6.75036979,-0.20032703,2.52833826,3.41518843,-0.87892552,0.7542938,3.22673335,5.63973865,2.75463333,3.73123001,5.80475698,1.58165476,8.65307779,0.25934388,-0.87892552,5.87065807,4.65538826,6.66704887,4.71041409,3.03886199,4.98787818,-0.20032703,6.44168999,-0.20032703,5.60627837,3.58184611,5.6953532,3.83391962,-0.87892552,3.37033194,2.04829306,0.04773902,4.95787254,5.63500586,0.7542938,4.1580594,6.66936523,5.02452839,6.44979762,-0.87892552,-0.87892552,5.90644595,3.0672456,0.6074039,2.68307431,4.63656983,5.32409307,0.44384501,2.68307431,3.32403587,-0.50008982,3.17550508,-0.87892552,5.04607977,2.40031836,1.92963274,5.00265018,3.3473696,5.12245635,1.58165476,4.04843153,5.46941792,4.97295337,-0.87892552,5.04607977,5.91818065,-0.87892552,4.97295337,5.65851605,0.44384501,4.27218587,2.64591821,1.50072004,6.56126204,4.33189371,-0.87892552,2.56860577,4.77206578,-0.87892552,4.88000902,4.28432676,2.52833826,5.74890321,5.87065807,4.14480291,3.52158287,3.52158287,4.67396437,2.82281006,3.52158287,1.80033092,3.52158287,1.80033092,1.73105748,3.39293451,3.12239057,-0.87892552,3.32403587,3.4586922,2.85572711,4.29636634,3.5419516,-0.87892552,4.06259932,-0.87892552,6.1939302,-0.87892552,2.04829306,4.13142348,6.32017687,4.18421246,7.19017629,-0.87892552,0.44384501,-0.87892552,-0.87892552,-0.20032703,2.44426605,4.71938442,5.35320059,3.17550508,5.46941792,-0.87892552,0.0
tag277_HCT1_R1,Colon,Cancer,-0.87892552,4.38390055,3.10856806,4.90699163,7.03221503,5.82917721,5.26093957,-0.87892552,4.66161416,1.2440495,5.34662085,5.76837648,6.9914159,0.88536987,2.87219734,3.64796586,3.94516599,4.36577278,5.45347936,5.51234357,6.97057534,3.45568878,4.60091501,3.15152665,4.55365366,6.69736057,0.66588841,6.80890564,0.09106828,4.10669467,3.81760457,0.09106828,-0.87892552,2.38853382,4.41948673,2.81989328,4.29089427,3.67766062,2.31485782,4.14970825,0.88536987,3.45568878,3.64796586,6.73315367,5.88751885,4.90699163,3.31160869,5.08374518,-0.31389765,7.54441351,2.06814684,7.56044171,4.12836176,5.6683902,4.91947329,-0.31389765,5.86833259,5.57680137,1.87660156,6.0552639,4.29089427,-0.87892552,4.23206932,6.08326893,6.15363558,5.34662085,-0.87892552,7.33208819,4.34741434,2.06814684,-0.87892552,3.19324298,5.24118794,4.94411726,3.23378688,4.48812928,6.09981468,5.30916704,4.1707435,-0.87892552,6.14834295,2.97143892,1.39468845,3.34899999,4.70551923,4.99217715,4.95628316,2.52547653,5.28042444,4.19147644,2.15515659,4.48812928,4.12836176,1.77036274,4.53754945,3.5550282,1.87660156,4.38390055,6.00929342,2.52547653,6.20552065,4.14970825,1.65567423,-0.87892552,-0.87892552,-0.87892552,5.92514246,4.74812751,5.20085442,-0.87892552,6.25067348,2.06814684,3.10856806,4.03966974,3.52266917,3.19324298,2.70922783,2.38853382,3.19324298,1.39468845,2.45862941,4.50479148,3.5550282,0.66588841,3.64796586,5.20085442,2.45862941,3.48956765,3.31160869,0.09106828,4.43695597,-0.87892552,4.98031144,-0.87892552,2.65053989,7.54037848,6.73315367,3.76324488,8.10766572,1.2440495,-0.31389765,1.77036274,-0.87892552,0.66588841,2.15515659,-0.87892552,4.38390055,3.06429095,4.25194534,2.70922783,0.0
tag277_HCT2_R1,Colon,Cancer,-0.87892552,4.5465457,3.34932237,4.8935011,7.16842893,5.8802435,4.92736587,-0.87892552,4.65831843,1.84914672,5.35818498,5.61526063,6.83245607,1.1315756,3.13418898,3.34932237,3.53649911,4.47201809,5.66962868,5.29905361,7.00624483,3.56546356,4.45663918,3.13418898,4.16648244,6.93312112,1.41229885,6.79625942,0.02063054,4.20380647,4.40949365,0.57049519,-0.87892552,3.28111459,4.73680851,2.25684355,4.25804215,4.04834154,2.6302512,3.28111459,0.32160255,3.28111459,3.3822539,6.6416443,5.71557601,4.20380647,3.56546356,5.24636607,-0.36014272,7.42503343,1.75170154,7.86876805,4.14745197,5.64270075,4.6174117,-0.87892552,6.05380727,5.62904593,2.1072915,6.53951028,4.40949365,0.02063054,4.12816711,5.8802435,6.08414782,5.48488044,-0.87892552,7.23078193,4.47201809,2.57434924,0.02063054,2.9266123,4.73680851,4.84707491,2.83442783,4.83523111,6.36515839,5.21014077,4.22211251,-0.87892552,5.79109051,3.6758345,1.64719469,2.9705858,4.74948485,4.85882227,4.67170026,3.05470524,4.90487791,4.2756769,2.39233857,4.77450819,3.80289016,2.18400451,4.64481132,3.80289016,2.51619356,4.4872348,6.13816727,1.94042446,6.23148428,4.40949365,2.25684355,-0.87892552,-0.87892552,-0.36014272,6.10895314,4.85882227,5.20094051,-0.87892552,6.02802675,2.9266123,3.3822539,4.02767541,3.94191685,3.01325853,3.05470524,2.45559477,3.77835845,0.7827008,2.83442783,4.63117656,3.6758345,-0.87892552,3.80289016,5.19168121,2.32618115,2.88125623,3.59385794,1.1315756,4.36075525,-0.87892552,5.06556822,-0.87892552,2.32618115,7.64111579,6.72423664,3.70215658,8.22363246,0.02063054,0.57049519,1.64719469,-0.87892552,-0.36014272,1.94042446,-0.87892552,4.73680851,3.31562153,4.36075525,3.01325853,0.0
tag277_HM1_R1,Brain,Cancer,-0.87892552,4.25134638,3.63500659,4.81753921,6.6447407,5.71540421,5.47127387,-0.87892552,3.3619511,0.60172053,4.17563048,5.77818726,6.86801849,-0.4372855,3.09229994,2.21211322,3.72274592,3.76469247,5.13788787,7.7700027,7.23363629,2.84102562,6.4203777,0.17379784,4.91388814,6.02250587,-0.87892552,6.78891875,-0.87892552,4.43141148,3.97584283,-0.87892552,3.95787453,4.45722248,6.05244795,4.67083178,4.64860049,4.28055405,3.58905126,-0.87892552,0.60172053,2.84102562,4.45722248,7.05711371,3.46731921,4.41833072,4.0284428,5.38649711,-0.87892552,7.95461383,1.70941445,7.86345059,6.0138356,6.37031295,5.90551228,-0.4372855,-0.87892552,5.07259351,1.52645921,5.89610721,6.09417231,0.17379784,3.58905126,4.26602413,5.78329792,4.30918212,1.4254748,5.23060214,5.08919623,3.82541058,-0.87892552,3.44168983,5.72605963,4.17563048,2.80127084,4.46995685,5.63287667,3.21840134,4.60308301,-0.87892552,7.06971756,3.15672797,1.07160965,5.00420335,4.49509327,6.22011709,1.4254748,2.48730313,4.93240916,5.07259351,1.07160965,4.65975895,4.80754074,-0.09962822,7.35701991,5.84325395,5.5513442,4.12821704,5.91950591,2.43630504,6.03541436,5.14584574,1.79286836,-0.87892552,-0.87892552,0.77591515,5.45855117,4.57977415,4.22153515,-0.87892552,7.07389449,2.6302982,4.26602413,5.03880364,4.30918212,3.6122119,2.67497812,3.30623322,3.90258654,3.30623322,1.07160965,5.24549137,3.70130625,-0.87892552,4.39180793,5.35937698,1.94655587,4.55608252,2.87971424,3.51725122,3.24827673,-0.87892552,3.02485963,3.54158377,3.44168983,7.01862771,7.15301699,3.70130625,8.03715199,-0.87892552,-0.4372855,-0.87892552,-0.87892552,-0.87892552,3.38902333,2.01766649,5.47127387,3.38902333,3.21840134,-0.4372855,0.1
tag277_HM2_R1,Brain,Cancer,-0.8789255,4.3274033,3.0374958,4.5233587,6.5292543,5.6547349,5.4349355,-0.8789255,3.4527029,2.0043648,4.1309656,5.863638,6.7532837,-0.8789255,2.3525856,2.6747318,3.7938469,3.675168,5.327542,7.7739115,7.1719912,2.545367,6.160953,-0.461329,4.8948619,5.9598595,-0.8789255,6.8546119,-0.461329,4.464932,3.9382751,-0.8789255,4.3404619,4.464932,5.7458896,4.6441303,4.4408823,4.3009259,3.5682192,-0.1378676,0.126188,2.7934452,4.3142253,6.9556671,3.8497154,3.9382751,3.8127112,5.3727351,-0.461329,7.843213,1.8667224,7.55472,6.005666,6.6123533,6.0815141,-0.8789255,-0.8789255,4.859012,1.0029755,6.2115818,6.089271,0.126188,3.6544031,3.9209927,5.6754951,4.5233587,1.0029755,4.9639951,5.2256523,3.500025,-0.8789255,3.633335,5.6857642,4.3404619,2.3525856,4.4040389,5.5234798,3.4037757,4.464932,-0.8789255,7.4516762,3.5231164,1.6319875,5.2604212,4.2042303,6.2222034,-0.461329,2.632886,5.2535341,4.9807728,0.865194,4.7555682,4.675386,0.126188,7.1274818,6.2186716,5.4227081,3.9553529,5.7111216,2.4995325,5.9766851,4.9298426,1.0029755,-0.8789255,-0.461329,0.3493095,5.053948,4.8680584,4.4164249,-0.461329,6.9704429,2.2455865,4.3274033,4.8680584,4.3142253,3.476558,2.58979,3.4284467,3.5458441,2.7934452,1.2444112,5.2326734,4.0695512,-0.8789255,4.5347654,5.2326734,2.0043648,4.4164249,3.4527029,3.675168,3.3531309,-0.8789255,2.9031285,3.4037757,3.3271258,6.9933605,7.160992,3.633335,7.95144,-0.8789255,-0.461329,-0.1378676,-0.8789255,-0.8789255,3.2181478,2.0043648,5.8083165,3.4284467,2.8309405,0.126188,0.18
tag277_HT1_R1,Colon,Cancer,-0.87892552,3.95530359,3.71682766,6.12252556,6.62387278,6.07273832,6.34854823,-0.87892552,4.19134059,0.61213314,5.42249609,3.99148094,6.83022341,-0.43299721,3.32154244,3.26354964,5.57928718,4.04410085,5.28350843,6.55905621,8.09131571,3.73827726,5.95400734,4.571905,3.58096766,5.51238832,1.08363191,6.41332106,-0.87892552,3.8409875,4.33904318,-0.87892552,-0.87892552,3.26354964,5.935556,5.90268719,4.32493509,5.45524718,4.43411589,2.81620878,1.53961097,0.1822085,3.10746756,6.62387278,4.82342278,3.07411743,3.95530359,5.51859986,2.55124454,7.60828768,2.03169703,8.17234399,4.63043499,5.88356323,4.93908449,2.64507793,-0.87892552,6.01678971,4.71940795,7.09210831,5.60286491,-0.09284722,3.75941263,5.13778249,5.73677048,6.50063466,-0.09284722,6.16274143,3.17194047,3.97350566,-0.87892552,3.91819566,5.15383391,4.76191794,2.22641683,4.73015345,6.6748206,4.78271226,4.11140216,-0.87892552,6.25119288,3.43097078,1.72292898,4.14391095,4.91102671,6.02117133,2.55124454,2.09956602,6.57999724,4.43411589,2.96917583,4.33904318,4.5838025,-0.09284722,5.53707559,5.09685477,7.36284104,3.97350566,5.46170911,2.09956602,5.10513373,5.47454679,2.34300998,-0.87892552,-0.87892552,-0.87892552,6.52552215,4.25224791,5.32662843,-0.87892552,7.87477365,2.89471872,4.51089967,4.571905,4.52330885,3.86068035,2.77529126,3.10746756,4.31068768,3.97350566,1.53961097,4.28176368,4.64186134,0.61213314,4.84335519,5.84453758,2.73317929,3.48272202,3.50791774,2.22641683,3.88010801,-0.09284722,3.26354964,4.76191794,3.00501125,7.18875874,7.03041445,3.07411743,8.14750805,-0.43299721,-0.09284722,2.03169703,-0.87892552,2.68980102,2.81620878,0.1822085,4.00923501,2.77529126,3.93686893,-0.43299721,0.0
tag277_HT2_R1,Colon,Cancer,-0.8789255,4.3043875,4.1485864,6.1524249,6.9223401,5.8626343,6.1848748,-0.8789255,4.3622833,0.8133784,4.9392385,5.9595973,6.6002246,-0.8789255,3.3291108,2.8915268,5.4866607,4.1649458,5.4200697,6.7240782,7.9862338,3.7536368,5.5565267,4.3190807,4.1153003,5.5315106,0.6369736,6.4279249,-0.8789255,3.3860421,4.2440707,-0.8789255,-0.8789255,3.1434524,5.5315106,5.8874928,4.4976075,5.4996179,4.1811217,2.9681036,0.20232,-0.8789255,3.1434524,6.6962093,4.5607892,3.3578573,3.8579405,5.4996179,1.7550533,7.4849261,2.065028,7.4233619,4.4846322,6.0938198,5.134629,2.5366714,-0.8789255,5.9501891,4.6679795,6.7782511,5.5811164,-0.8789255,3.8171194,5.3644913,5.8776008,6.5911736,-0.8789255,5.9119303,3.5192549,3.4408119,-0.8789255,3.5444825,5.0752814,4.8203401,2.3200381,5.0666003,6.6329342,4.6679795,4.0105703,-0.8789255,6.96967,3.2997798,-0.0766016,4.3190807,5.0666003,5.9263965,1.9183498,1.9935522,6.745992,4.6331268,3.1100463,4.2129395,4.585307,0.4359542,5.1836249,4.4976075,7.1734213,3.6412003,5.7640613,1.7550533,5.8626343,5.5503132,2.1981602,-0.8789255,-0.4226934,-0.8789255,6.6299911,4.1320394,5.3286352,-0.8789255,7.8166955,3.0408199,4.4846322,4.7020099,4.4715391,4.0285618,3.3291108,3.0049199,4.3764014,3.7751095,2.1331292,4.6907554,4.6448382,-0.0766016,4.8306312,6.0416196,3.2997798,3.5192549,2.6801582,2.065028,3.6872317,-0.8789255,2.724982,4.6331268,2.724982,7.1448395,6.8483,3.2080299,8.2165466,-0.8789255,-0.0766016,2.1981602,-0.8789255,2.3773216,3.3860421,1.7550533,4.0463317,2.633897,3.4935782,-0.0766016,0.0
tag277_PN1_R1,Prostate,Non-cancer,-0.8789255,4.191591,3.9291446,3.4160822,7.7446234,6.4977499,6.0455985,-0.8789255,5.3238454,1.2636671,5.1287835,5.8567523,6.7103977,-0.4888033,3.2972171,4.3190973,4.748643,5.543437,6.3710473,5.8398399,8.1274392,3.1945284,4.6355955,0.7871633,5.9737741,6.2955312,-0.1820336,8.158462,-0.8789255,3.1124114,4.3552508,-0.8789255,-0.8789255,3.3217865,5.822727,2.7272986,4.9031623,3.8968032,2.2003853,2.5721063,3.2208939,0.4729979,4.9193525,7.2023093,5.5170829,1.8411514,4.8020096,5.1901201,-0.8789255,7.546487,-0.8789255,9.3244882,4.6742707,6.2386028,6.4428065,-0.8789255,4.436244,5.4350026,2.6124973,6.9400093,5.8097577,1.9710914,3.9763365,6.5297388,6.1140161,6.3262136,-0.8789255,5.6539961,3.546889,2.8674062,-0.8789255,3.8803566,6.8049281,4.8785312,1.698339,5.0500926,6.110495,5.6394095,4.5857464,-0.8789255,7.9575382,2.7990525,1.2636671,4.8867884,5.2993113,5.8010463,4.0807949,2.8336341,5.3299143,5.7611806,5.8097577,5.4683971,4.8618737,-0.8789255,5.3299143,5.3834151,-0.8789255,3.7596604,5.0427214,1.8411514,6.7219815,4.3905204,-0.1820336,-0.4888033,-0.8789255,-0.8789255,6.9945144,5.6394095,1.0449993,-0.8789255,6.8541848,2.0902889,2.9642231,4.0517133,4.9900406,4.1646794,3.6279371,2.8674062,3.4387236,3.0839665,2.7990525,5.1699629,3.5879821,-0.1820336,4.7212007,5.822727,3.2208939,1.8411514,3.7596604,-0.4888033,4.1372563,-0.8789255,3.6858685,2.5721063,2.6517882,6.7311821,6.5164961,3.9450473,8.6354066,2.0902889,-0.4888033,2.0319208,0.2858721,2.2003853,2.8674062,3.2972171,4.7395534,2.3981849,3.9607767,4.8107152,0.0
tag277_PN2_R1,Prostate,Non-cancer,-0.8789255,4.086914,3.6660935,3.5785098,7.7097289,6.5460847,6.2095881,-0.8789255,5.1797989,0.8892991,5.1344533,5.8655444,6.6966705,-0.4526462,3.4609787,4.102697,4.7495759,5.3415091,6.4537272,5.8327979,7.9500612,2.8992045,4.5452965,0.8892991,5.9938059,6.2772142,-0.8789255,8.2297375,-0.8789255,3.2217905,3.9365128,-0.8789255,-0.8789255,3.2504113,5.9421077,2.8625942,4.9806653,3.9365128,2.6209724,2.4830697,2.8992045,1.2708658,4.6881357,7.1502459,5.5800501,2.1600436,5.1797989,5.1946028,-0.8789255,7.4977994,-0.8789255,9.2569209,4.4249108,6.5110313,6.4163261,-0.8789255,4.5568005,5.4988836,2.7468357,7.0170852,5.7797887,1.8959102,4.102697,6.5315825,6.1076842,6.4598675,-0.8789255,5.6407671,3.7486631,2.7060893,-0.8789255,3.6871831,6.5971179,4.8926199,2.4830697,4.8085061,5.9110721,5.6407671,4.3867451,-0.4526462,7.2170228,3.0370071,0.8892991,4.769488,5.1648415,5.6407671,4.2374738,3.0037707,5.2165277,5.8655444,5.5342298,5.2237626,5.0555586,-0.8789255,5.2381244,5.0796833,-0.8789255,3.8826806,5.2872938,2.8250307,6.7602458,4.6670601,-0.8789255,-0.8789255,-0.8789255,-0.8789255,6.9268751,5.7196487,1.2708658,-0.8789255,6.9112761,1.1545406,3.0037707,4.0219964,5.1497274,4.2231055,3.2504113,2.7864629,3.5785098,3.3595332,2.5764535,4.9720987,3.4852634,-0.1240148,4.486359,6.064012,3.1627872,2.3305787,3.3855711,-0.8789255,3.9713164,-0.8789255,3.8642808,2.2759432,2.8250307,6.7018609,6.8657549,4.0385017,8.6586532,2.8992045,-0.8789255,2.2759432,0.1434712,1.8215625,2.7864629,3.0370071,4.3995795,2.6209724,4.4742769,4.8370924,0.12
tag277_SJ1_R1,Muscle,Cancer,-0.87892552,4.97356683,3.94370075,5.98827117,8.29301439,5.23091389,5.50688224,2.03783982,3.24032917,0.94800315,3.90610271,5.34067888,7.04397376,6.28043528,3.14671097,1.54537153,4.50529553,0.18590112,4.96445009,5.53794287,6.29141342,3.48946101,5.29776975,-0.87892552,6.26195066,4.86016885,-0.87892552,7.25309156,1.72884736,2.60537238,4.06807533,2.55767163,2.97576783,4.259129,6.69294748,3.51466268,3.99832208,4.22899248,2.23267832,1.54537153,-0.43111061,3.72361813,1.89160022,6.578102,4.10172672,4.16676247,3.24032917,4.89896701,1.33511481,7.98236415,-0.87892552,7.42077958,5.65022671,6.04990644,3.29952805,-0.87892552,4.40103505,5.44267981,-0.08986767,8.04099824,4.77929468,-0.87892552,5.36859197,4.55472997,6.30230866,5.77018092,-0.87892552,6.55399361,5.1285228,4.19821298,-0.87892552,3.90610271,4.69361623,5.821574,2.23267832,2.29218557,6.06704346,-0.43111061,4.28864885,-0.87892552,5.53794287,2.90128473,0.94800315,4.97356683,4.61423223,5.38917799,-0.43111061,3.41110176,5.06169911,4.16676247,-0.87892552,3.88692976,3.90610271,-0.87892552,5.74909988,4.61423223,1.08890069,5.16080869,3.99832208,2.17061057,6.17768117,5.31938383,-0.87892552,2.45726084,-0.43111061,0.18590112,5.50058905,4.88936485,2.29218557,1.54537153,5.60986856,2.29218557,4.31757677,2.69628816,3.51466268,3.20979315,1.96657218,2.69628816,2.34933524,2.82274589,0.79184095,3.51466268,3.14671097,-0.08986767,3.41110176,4.44102086,2.86254969,3.46381126,5.95643711,0.4173212,4.16676247,1.4440701,0.79184095,2.34933524,1.89160022,8.08582767,6.97074139,4.69361623,7.92477527,-0.87892552,0.18590112,-0.87892552,2.03783982,4.08499914,3.24032917,-0.87892552,3.53943167,2.40430702,3.38400681,4.77929468,0.0
tag277_SJ2_R1,Muscle,Cancer,-0.8789255,4.9574034,3.4715684,5.9759261,7.8715748,5.1337728,4.8492231,1.3582969,3.2512309,1.967362,4.1739975,5.2991584,6.9514816,6.1410283,2.5125114,1.8820851,4.0228366,-0.8789255,4.9677884,5.5954932,6.0511036,3.442078,4.9780991,-0.8789255,6.511304,4.9364066,-0.8789255,7.2944876,1.2261221,2.9072226,3.8084654,2.3943015,3.1083533,4.5645084,6.4680656,3.3812249,4.1191513,4.4506527,2.1241377,2.2655343,-0.8789255,3.216816,1.791449,6.656396,4.374642,4.4055285,3.3176916,5.0580346,2.1241377,8.0689783,-0.3804041,7.60006,5.6154457,6.2038768,2.9072226,-0.8789255,4.0813935,5.4985492,-0.3804041,8.2500579,4.9469432,-0.8789255,5.6088255,4.277805,6.1772763,5.90204,-0.8789255,6.4310165,5.0085963,4.4653858,-0.8789255,4.3270358,4.6182349,5.7112678,2.2655343,2.8182015,6.1318222,-0.8789255,4.5368757,-0.8789255,6.6531823,3.4119723,1.8820851,5.4099322,4.5916217,5.5339246,0.2834746,2.4546168,5.0482816,4.1003959,0.5276437,3.5287999,3.8539638,-0.8789255,5.9604088,4.4357676,1.5910684,5.1791664,3.6880158,2.2655343,6.089652,5.1058349,-0.3804041,2.6734378,-0.8789255,0.5276437,5.9235392,4.7444,2.5125114,1.6947348,5.3869005,2.9910686,4.6182349,2.9497546,3.3176916,2.6734378,2.1965676,3.216816,2.7233239,2.8633986,1.0806053,3.8084654,2.9072226,-0.3804041,2.8633986,4.5507582,2.9910686,3.7129236,6.1410283,0.2834746,4.1739975,1.8820851,1.5910684,2.7715425,1.4793721,8.2024836,7.1560396,4.5916217,7.8408311,-0.3804041,0.2834746,-0.8789255,1.3582969,3.6626703,3.5565862,-0.8789255,3.5004679,2.9497546,3.4715684,4.6700323,0.0
tag277_SKW1_R1,Bcell,Cancer,4.19772072,2.09446938,2.75602044,5.01000002,6.88446056,5.99309311,5.81353742,-0.87892552,2.96172665,2.35018453,3.60153361,5.28744502,7.18877266,1.26737485,3.38987254,3.94966991,3.87019124,2.75602044,6.10581651,5.50038117,5.19261434,3.9688738,5.64469172,3.23985107,5.63870856,7.70337064,-0.87892552,6.03013169,-0.87892552,3.57671298,4.3224018,-0.87892552,-0.87892552,3.47292626,5.85024569,2.46283674,5.68007878,5.89610985,3.41809172,7.39805273,-0.06209174,-0.06209174,5.30266135,5.7975148,5.17618501,4.61833795,3.62593443,5.43973393,5.73719411,5.99309311,-0.87892552,6.96795806,5.09984592,6.37776803,4.60612471,-0.87892552,2.51602718,4.50450797,-0.87892552,6.98220405,4.16479093,-0.87892552,4.77928098,4.46447734,5.05562227,5.45343313,-0.87892552,5.12574372,5.30266135,3.49958126,-0.87892552,3.98782541,4.60612471,4.66618249,3.44576949,4.40931449,4.68952262,-0.4134547,4.3519583,-0.4134547,6.31161591,3.27112938,1.86771366,4.63044866,3.6499294,5.06457611,2.79957513,2.92286516,5.99777527,5.30266135,3.9688738,3.69675429,5.27977624,-0.87892552,5.23288729,-0.06209174,4.33725574,5.09110898,4.77928098,1.26737485,6.56923339,5.69168417,-0.87892552,2.99956873,-0.87892552,-0.87892552,7.46043981,6.74938876,5.31020976,-0.87892552,6.92681329,3.10748065,4.4508831,4.54345779,3.44576949,2.46283674,3.94966991,2.99956873,2.02277245,2.66475605,2.84185336,3.74210706,2.66475605,3.89047515,4.3519583,5.83985257,3.27112938,2.79957513,1.59854838,-0.87892552,3.76425977,-0.87892552,6.85895374,-0.87892552,2.46283674,5.50696503,6.79314112,4.16479093,8.44969255,-0.87892552,-0.4134547,-0.87892552,-0.87892552,-0.87892552,2.40760991,4.84311509,3.17518349,3.27112938,4.55621083,-0.87892552,0.0
tag277_SKW2_R1,Bcell,Cancer,3.96171463,2.15365687,2.38700294,5.34954933,6.65430332,6.06062181,6.06483672,-0.87892552,3.33812605,1.94997435,3.74768951,5.35644281,7.13309423,1.20249213,3.54537737,3.8875089,3.78903952,2.92108551,6.12662574,4.6524935,5.38369199,4.11591405,5.6537003,3.25202848,6.39450122,7.65600231,-0.43623512,5.99145279,-0.87892552,3.86834537,3.94351795,-0.87892552,-0.87892552,3.63881182,5.32866904,2.49089689,5.56721108,6.01778132,3.39279622,7.5696552,-0.87892552,-0.87892552,5.57904697,5.86664012,4.99933347,4.73943932,3.12860502,5.41043601,5.80750185,6.22029339,-0.87892552,7.14309515,4.91779562,6.65150352,5.05123941,-0.87892552,2.8447032,4.31305229,-0.87892552,6.88156864,4.42220883,-0.43623512,5.14976387,4.36866268,4.88002274,5.44964486,-0.87892552,5.30035007,5.59662071,3.61601436,-0.87892552,3.59285086,4.71818915,4.71818915,3.30999392,4.17949007,4.71818915,-0.09796618,4.14805223,-0.09796618,5.59078655,3.39279622,2.49089689,5.0597117,4.09957244,5.29318261,2.7640497,2.80493999,6.03936058,5.46248119,4.17949007,4.04940672,5.4560773,-0.87892552,5.4560773,-0.09796618,4.55996983,5.15767841,4.39568416,2.27504254,6.81556731,5.79740543,-0.87892552,3.8875089,-0.43623512,-0.87892552,7.5711375,6.69021479,5.12575634,-0.87892552,6.91697198,2.63392834,4.70744553,4.14805223,3.68335367,2.21562597,4.03228955,3.12860502,2.33210855,2.58780902,2.15365687,3.78903952,2.58780902,3.68335367,4.49897661,5.65928599,3.02857329,3.12860502,1.71273273,-0.87892552,3.68335367,-0.87892552,6.9193016,-0.87892552,2.15365687,5.35644281,6.92626796,4.26989098,8.44602108,-0.87892552,0.77863183,-0.43623512,-0.87892552,-0.87892552,1.71273273,4.73943932,2.54016655,3.25202848,4.28442203,-0.87892552,0.0
tag277_TIB1_R1,Bcell,Cancer,1.6840781,4.1517519,2.2963611,4.2470257,7.1475987,5.5288613,5.8715089,-0.8789255,2.2232628,2.8755954,4.6188242,5.5736597,5.7978987,0.3469159,3.6079621,3.5493562,4.5154569,4.9822155,5.8166563,3.6916352,4.9372122,3.5191357,4.3536239,-0.3465526,4.4368084,9.4546528,2.2232628,7.0185257,-0.3465526,2.2232628,4.1517519,-0.8789255,-0.8789255,4.3536239,5.666199,2.4957562,3.8211335,8.1411137,3.096347,7.9405164,1.887029,1.1651687,5.0682176,4.9710956,5.6523428,4.5000665,2.3659335,4.8789091,6.2620587,6.9294147,-0.8789255,6.7813132,4.3013091,5.3343089,4.5000665,-0.8789255,5.2168348,4.0914134,-0.3465526,5.969752,4.4687841,2.7768794,4.4205508,4.0914134,4.8305085,4.7285454,-0.8789255,3.5493562,5.1592117,0.598868,0.3469159,3.012055,2.3659335,5.3938132,3.1759848,3.0548166,3.4244794,-0.8789255,3.096347,3.9399593,7.0319652,3.2142137,2.9225308,3.9399593,4.006824,3.391495,1.3134103,3.391495,4.0707265,3.391495,1.4478289,3.5191357,4.006824,-0.8789255,5.4668806,4.0284409,5.6242248,5.6242248,4.8181503,2.1462623,6.4257657,6.1182644,-0.3465526,1.6840781,-0.8789255,0.9999318,4.265348,5.2262188,5.536425,3.3577388,5.6592875,2.614855,4.4368084,3.1367154,4.4041079,3.391495,4.2096677,2.8270816,0.8132921,1.1651687,2.6709095,4.1713166,2.1462623,-0.8789255,3.0548166,4.6470467,3.7707203,3.096347,3.2877603,-0.8789255,4.0284409,0.8132921,7.0896555,-0.8789255,2.4957562,5.9864153,5.9919272,3.3577388,7.1049969,-0.3465526,0.8132921,1.3134103,-0.8789255,-0.3465526,2.7248672,5.6171088,4.1517519,2.9679872,4.2284676,2.1462623,0.0
tag277_TIB2_R1,Bcell,Cancer,1.66700682,3.74840614,3.03138282,4.95756189,7.09666137,5.40561973,5.62151489,-0.87892552,3.4686988,2.72178009,4.70443065,5.4145492,6.16721678,0.41500772,3.2466846,3.2466846,4.66006665,4.99376203,5.59033143,4.41513818,5.28420828,4.02984536,4.90783723,0.67489778,4.55091574,8.6191383,2.72178009,7.07147627,-0.87892552,2.24932938,4.14162344,-0.87892552,-0.87892552,4.43282582,5.93250243,2.93537944,4.45029923,7.59780163,4.11994994,8.28607876,1.25460444,0.89504005,5.58242909,5.33212169,5.97537619,4.62971414,3.07709046,5.3693387,6.27410702,6.72539913,-0.87892552,6.6442168,4.43282582,5.10826159,4.50148446,-0.3094486,5.06354622,4.45029923,-0.87892552,5.87543794,4.66006665,2.40080391,4.30420109,3.98259092,4.92042999,4.59870931,-0.87892552,4.3607357,5.06354622,2.40080391,-0.87892552,2.77821712,3.39842295,4.95756189,2.88487067,3.43398874,3.43398874,-0.87892552,3.03138282,3.93373613,7.11868489,3.32454778,1.25460444,4.53462611,3.66106015,4.41513818,2.16717805,2.98417954,4.2652418,4.3421359,1.78187525,3.4686988,4.53462611,-0.87892552,5.5009297,4.02984536,5.14091147,5.38759326,4.43282582,2.98417954,6.54198519,5.43224401,-0.87892552,0.09778332,-0.87892552,-0.87892552,6.1829803,4.37909874,5.25467735,2.93537944,6.06883776,2.40080391,4.62971414,3.36195817,4.55091574,3.07709046,4.48462369,2.24932938,1.66700682,1.54219509,3.50259335,3.95837032,2.77821712,-0.87892552,2.77821712,4.82988122,3.63072876,3.77638456,3.07709046,-0.87892552,3.83076443,0.41500772,7.14574978,-0.87892552,2.32705372,6.10238172,6.37819281,3.28614142,7.30308777,-0.87892552,0.67489778,0.89504005,-0.87892552,-0.87892552,2.98417954,6.02286368,3.43398874,3.83076443,4.397231,3.03138282,0.0
X2DO1_TAG0186_R1,Bcell,Fuc-inhibited,0.9051519,4.9091439,2.6760954,5.0546931,8.1798758,5.288502,5.1868946,-0.8789255,2.791361,1.4169064,3.9963723,5.5317034,4.747246,-0.3047791,3.8969153,3.482271,4.9593097,5.6960492,6.2127382,4.2390581,4.9837532,3.5817019,5.29828,1.4169064,4.8032551,8.3692037,3.9224296,7.0629259,0.4234748,2.734879,3.8969153,-0.8789255,-0.8789255,3.9963723,5.588591,3.5493137,4.0667091,8.1246164,2.5508145,8.8844566,2.0925074,5.995546,5.9774021,5.2487136,5.5233903,4.8963251,3.9475006,4.8438796,7.3968232,7.4149123,0.1048198,6.1220552,4.6436721,4.4111344,4.6436721,-0.8789255,5.556359,4.3746297,-0.8789255,6.9214149,5.8568675,2.6760954,4.7614534,4.356025,5.3925791,4.7184043,-0.8789255,5.2284001,5.5481872,3.7900908,0.6843231,2.2619744,3.6443751,5.1332749,3.3380467,2.339784,3.7335581,1.793898,3.1777865,1.4169064,7.3669358,2.4136109,1.2656346,4.2791101,4.0436424,4.5648562,2.8457147,3.5161818,4.747246,3.7900908,2.8457147,3.9224296,4.6436721,-0.3047791,4.8032551,4.7614534,6.2127382,5.3925791,4.6740311,2.0925074,6.971163,6.2833624,0.6843231,4.2592231,-0.8789255,1.5538113,6.0716348,5.0431094,4.8304648,4.7037644,5.6278942,3.1347767,4.4111344,3.4119604,4.1337756,2.6148144,4.4642158,2.8457147,2.4136109,0.4234748,2.4136109,2.8980948,3.7621014,-0.8789255,3.1777865,5.3367424,3.6133788,2.1797278,3.447544,-0.8789255,3.9475006,0.1048198,6.8926588,-0.3047791,2.8457147,5.8368802,6.3174189,3.6133788,6.61994,-0.3047791,-0.3047791,-0.3047791,-0.8789255,-0.8789255,2.2619744,5.6661549,3.6133788,3.1347767,4.6889743,0.4234748,0.0
X2DO2_TAG0186_R1,Bcell,Fuc-inhibited,0.8187207,4.6755442,3.321828,4.7095785,8.14616,5.4845014,4.9276813,-0.8789255,3.2310133,2.1728063,3.8653809,5.4446406,4.7095785,0.2064016,4.2360951,3.6010341,4.7262992,5.1297248,5.9507538,4.0626127,5.0785522,3.6368501,5.0522688,1.4216369,4.8836408,8.2379308,3.7718342,7.1597384,0.2064016,2.7968332,3.7392536,-0.8789255,-0.2365213,3.9813626,5.5517126,3.6368501,4.0626127,8.1051977,3.1833682,8.4949321,1.0488349,6.2398947,5.8777949,5.3179912,5.3069176,4.9982202,3.8952621,4.5496732,6.9796924,7.4361579,-0.2365213,6.5002261,4.3483665,4.6229382,4.7262992,-0.8789255,5.6069306,4.3045007,-0.8789255,7.1992016,5.6601128,2.7320775,4.8535154,4.2360951,5.4036472,4.4921745,-0.8789255,4.7428284,5.3932142,3.5643062,-0.2365213,2.664278,3.7718342,5.434501,3.321828,1.4216369,3.5266188,1.2472444,2.5182998,2.0717555,7.0774179,2.664278,1.4216369,4.0360345,4.0887101,4.4525281,2.1728063,3.7718342,4.6229382,3.6010341,2.664278,3.8952621,4.6406875,-0.2365213,4.7095785,4.6755442,5.9364542,5.6069306,4.6049678,2.0717555,6.9336393,5.9220115,0.5448058,4.5867707,-0.2365213,1.0488349,5.8321801,5.1669472,4.7428284,4.5867707,5.5887584,2.664278,4.2125529,3.8653809,4.3909377,2.7320775,4.0626127,2.664278,2.5182998,1.0488349,2.5182998,3.2771351,3.5266188,-0.8789255,2.9182276,5.2151288,3.6368501,2.664278,2.9182276,0.2064016,3.7718342,-0.8789255,6.9550774,-0.8789255,2.3558707,5.7197781,6.5050791,3.7718342,6.4151259,-0.8789255,0.2064016,0.8187207,-0.8789255,-0.2365213,2.4393699,5.3069176,3.4879205,3.7718342,4.7913091,1.0488349,0.0
X3F2_TAG0186_R1,Bcell,Sia-inhibited,0.1037644,4.6868837,3.9203706,4.9937222,8.2309647,5.3904711,5.0867949,-0.8789255,3.1757793,1.5520714,3.3734531,5.4265293,5.2160307,0.4222054,4.1317062,3.5472773,4.8417843,6.0465292,6.3391407,4.3539461,5.0293318,3.7600513,5.6101892,1.5520714,5.00569,8.3318549,3.9454403,7.0347541,0.4222054,2.4116934,3.7600513,-0.8789255,-0.8789255,3.9454403,5.5623736,4.1317062,3.8948576,7.7936876,3.4802394,8.9427077,2.260081,6.4128933,6.2614138,5.4875407,5.3995705,5.0754839,4.0181369,4.7308052,7.2182268,7.6293705,1.0950309,6.93502,4.6105723,4.3539461,4.5299978,-0.8789255,5.2961738,4.236984,-0.8789255,6.5043028,6.2413096,1.7920974,4.5948134,4.8283699,5.554248,4.8550752,-0.8789255,5.3346354,5.4086128,3.4802394,1.5520714,1.5520714,3.6113381,5.0867949,3.0427131,2.0906442,3.1757793,1.4152059,3.4099339,1.7920974,7.3740693,2.6741415,1.7920974,4.0415772,3.6726748,4.9816543,2.0906442,3.7880392,4.7451536,4.4446557,2.896115,3.6423324,4.4090533,0.6829104,5.3251157,4.4794007,6.1579686,5.5378581,4.5627696,1.7920974,6.8808188,6.2614138,0.4222054,4.6719409,-0.30548,1.0950309,6.3008006,4.6415829,4.37255,4.8812951,5.7519273,3.2581264,4.5133285,3.6113381,4.3539461,2.7893932,4.6415829,2.896115,3.0427131,0.9036367,2.6741415,3.7880392,4.0646428,-0.8789255,3.3360259,5.041009,3.1757793,2.4819152,3.4099339,-0.8789255,4.0873454,-0.8789255,6.7799014,-0.8789255,2.260081,6.1472041,6.0695164,4.0181369,6.6060725,-0.8789255,0.6829104,1.0950309,-0.8789255,0.1037644,2.8437407,5.6865204,3.6113381,3.6726748,4.6261609,1.7920974,0.0
X3F3_TAG0186_R1,Bcell,Sia-inhibited,1.6774163,4.8946376,3.5549348,4.8061403,8.019767,5.3350466,5.0821888,-0.8789255,2.9303909,2.1304188,2.8734578,5.8299503,4.8802599,0.1810669,3.8779961,3.7884395,4.9369304,5.3455509,6.2150474,3.989363,4.7280055,3.625594,5.5948382,1.6774163,5.0695715,8.3599948,3.625594,7.0162266,-0.2536921,2.5492552,3.8487573,-0.8789255,-0.8789255,3.989363,5.6636151,3.7884395,4.3013783,8.0441555,2.6201864,8.8724253,1.0133884,6.0189967,6.2434095,5.6210153,5.4659762,4.7439746,3.8487573,4.5211678,7.2826303,7.4501714,-0.8789255,6.4177941,4.2796321,4.9914588,4.8061403,-0.8789255,5.3663329,4.3013783,0.1810669,6.8527976,5.985806,2.31278,4.364717,4.2796321,5.1793411,5.0310437,-0.8789255,4.9914588,5.6968118,3.2315889,0.5146999,2.4746554,3.6596668,5.2922473,3.2761979,2.5492552,3.4806358,0.5146999,2.9851623,2.0297959,7.3097065,2.9303909,2.1304188,3.5549348,3.8189136,4.5577662,2.6201864,3.9623168,4.759769,4.3439115,3.088836,3.8487573,4.257553,-0.8789255,4.6453954,4.6623002,5.895757,5.6719861,4.3013783,1.9216252,6.7772156,6.3463699,-0.8789255,4.2351308,-0.8789255,1.3832738,6.0255442,5.044001,4.9780187,4.6623002,5.8813905,3.2315889,4.4450621,4.0159115,3.9623168,2.687793,4.257553,2.8734578,1.2101529,0.7854851,1.5378285,3.088836,3.4806358,-0.8789255,3.088836,5.1793411,3.4420004,1.9216252,3.0379302,-0.2536921,3.9066541,-0.2536921,6.9558039,-0.8789255,1.9216252,5.9518336,6.0058119,3.5906969,6.4473541,-0.8789255,0.5146999,1.2101529,-0.8789255,-0.8789255,2.5492552,5.7531292,3.3614797,3.8189136,4.7753923,1.6774163,0.0
